2.000000000000000475e-03
2.234780244580450090e-03
2.497121370783528162e-03
2.790258753873340811e-03
3.117807570211903086e-03
3.483807382156463815e-03
3.892771956783399635e-03
4.349744932838161757e-03
4.860362022435319243e-03
5.430920514623766883e-03
6.068456937983942971e-03
6.780833840046841983e-03
7.576836753759636292e-03
8.466282546856551683e-03
9.460140490375629554e-03
1.057066753942353422e-02
1.181155949456577300e-02
1.319811990807111778e-02
1.474744881808063950e-02
1.647865363830395766e-02
1.841308480408272025e-02
2.057459908097426446e-02
2.298985378316218547e-02
2.568863553020198434e-02
2.870422759656141368e-02
3.207382038436820682e-02
3.583897008160388808e-02
4.004611116223907863e-02
4.474712904882226921e-02
4.999999999999999584e-02
