2.000000000000000475e-03 4.902040973016763746e+04
2.135794105561712904e-03 4.906869313207746018e+04
2.280808230676081155e-03 4.914482677934091771e+04
2.435668387497306586e-03 4.920685021866557508e+04
2.601043092559874627e-03 4.921226624957624153e+04
2.777646252700694072e-03 4.925107827960827854e+04
2.966240246926864135e-03 4.928550720591767458e+04
3.167639217533158025e-03 4.932667437578736281e+04
3.382712584676717156e-03 4.940517703659938707e+04
3.612388799580983252e-03 4.941434932136863790e+04
3.857659352571107553e-03 4.949937021704464132e+04
4.119583053243192419e-03 4.956220353785240877e+04
4.399290601244371275e-03 4.964396016758018959e+04
4.697989467395385921e-03 4.971630302792545990e+04
5.016969106227038046e-03 4.981341261913590279e+04
5.357606522432466212e-03 4.987891125751181971e+04
5.721372215265124045e-03 4.998070091368561407e+04
6.109836526543905265e-03 5.008164449010039971e+04
6.524676419669067813e-03 5.017310194456249155e+04
6.967682718913347471e-03 5.026234629558010056e+04
7.440767840239667814e-03 5.041039326579741464e+04
7.945974047018527706e-03 5.053316903945699596e+04
8.485482266284259320e-03 5.068987361321918434e+04
9.061621503589183113e-03 5.085848929468677670e+04
9.676878897098520338e-03 5.096034859840973513e+04
1.033391045432877943e-02 5.116137573862038698e+04
1.103555251787899025e-02 5.131395638074161252e+04
1.178483400965133279e-02 5.154516195018115104e+04
1.258498950641826625e-02 5.174073323399596848e+04
1.343947320318207746e-02 5.198734067720663734e+04
1.435197382460543652e-02 5.223242676442756783e+04
1.532643054888414846e-02 5.251399443694427464e+04
1.636705001280387359e-02 5.279473500212072395e+04
1.747832447139013520e-02 5.307921310298098979e+04
1.866505119054504350e-02 5.344068181332558015e+04
1.993235315638688596e-02 5.379600224740679550e+04
2.128570119069275735e-02 5.418678547874645301e+04
2.273093756791477391e-02 5.461858825795513985e+04
2.427430123572183254e-02 5.506761310802945081e+04
2.592245474794206000e-02 5.557326077420738147e+04
2.768251302617244156e-02 5.615764147796651378e+04
2.956207407421723027e-02 5.665095046069943055e+04
3.156925177794596415e-02 5.733530912112577062e+04
3.371271093216530318e-02 5.807818999862451165e+04
3.600170464571230550e-02 5.882052019422660669e+04
3.844611428624303273e-02 5.970102577902457415e+04
4.105649213715493323e-02 6.060848230724637688e+04
4.384410695078817810e-02 6.163110859578300733e+04
4.682099259455535512e-02 6.277537152165327279e+04
4.999999999999999584e-02 6.402940222901291418e+04
