2.000000000000000475e-03 2.037733644849795944e-05
2.234780244580450090e-03 2.035545803607817267e-05
2.497121370783528162e-03 2.033075974154597434e-05
2.790258753873340811e-03 2.029987953213839089e-05
3.117807570211903086e-03 2.027396841287901899e-05
3.483807382156463815e-03 2.022736352285700348e-05
3.892771956783399635e-03 2.018958589443496039e-05
4.349744932838161757e-03 2.014221203333242820e-05
4.860362022435319243e-03 2.009361816353599325e-05
5.430920514623766883e-03 2.003522715957540811e-05
6.068456937983942971e-03 1.997347872441024153e-05
6.780833840046841983e-03 1.990054278021183791e-05
7.576836753759636292e-03 1.982488869015932602e-05
8.466282546856551683e-03 1.973459479837120869e-05
9.460140490375629554e-03 1.963529643980480599e-05
1.057066753942353422e-02 1.952159707096078287e-05
1.181155949456577300e-02 1.939910858473392876e-05
1.319811990807111778e-02 1.926250246749309892e-05
1.474744881808063950e-02 1.910722001428494333e-05
1.647865363830395766e-02 1.893610453414680731e-05
1.841308480408272025e-02 1.873766007532386081e-05
2.057459908097426446e-02 1.851969270267878330e-05
2.298985378316218547e-02 1.828298457864452757e-05
2.568863553020198434e-02 1.801099721109571065e-05
2.870422759656141368e-02 1.770860621055014242e-05
3.207382038436820682e-02 1.738414127213218450e-05
3.583897008160388808e-02 1.701312953803342816e-05
4.004611116223907863e-02 1.660149566495705887e-05
4.474712904882226921e-02 1.614315948459139064e-05
4.999999999999999584e-02 1.563241695431570095e-05
