2.000000000000000475e-03 -2.941887227432215004e+05
2.135794105561712904e-03 -2.943638191977369715e+05
2.280808230676081155e-03 -2.943974785206178203e+05
2.435668387497306586e-03 -2.942981858880534419e+05
2.601043092559874627e-03 -2.942670055967100780e+05
2.777646252700694072e-03 -2.943060103411613964e+05
2.966240246926864135e-03 -2.946047036756546586e+05
3.167639217533158025e-03 -2.941184952809221577e+05
3.382712584676717156e-03 -2.944563216295329039e+05
3.612388799580983252e-03 -2.942972854577622493e+05
3.857659352571107553e-03 -2.948115695969143999e+05
4.119583053243192419e-03 -2.946827630018898635e+05
4.399290601244371275e-03 -2.944042807809775695e+05
4.697989467395385921e-03 -2.942362476856331341e+05
5.016969106227038046e-03 -2.947793984944883850e+05
5.357606522432466212e-03 -2.946847799280728213e+05
5.721372215265124045e-03 -2.948429896629297291e+05
6.109836526543905265e-03 -2.947698884367672144e+05
6.524676419669067813e-03 -2.955119024910583394e+05
6.967682718913347471e-03 -2.951125656107912655e+05
7.440767840239667814e-03 -2.952546361534019234e+05
7.945974047018527706e-03 -2.959838611078186077e+05
8.485482266284259320e-03 -2.955571756601452944e+05
9.061621503589183113e-03 -2.959873548879092559e+05
9.676878897098520338e-03 -2.959178641278884024e+05
1.033391045432877943e-02 -2.964235882704588003e+05
1.103555251787899025e-02 -2.968448983158895280e+05
1.178483400965133279e-02 -2.965039746458244626e+05
1.258498950641826625e-02 -2.975134021635632380e+05
1.343947320318207746e-02 -2.977598511875561671e+05
1.435197382460543652e-02 -2.976781421665373491e+05
1.532643054888414846e-02 -2.983303209115228383e+05
1.636705001280387359e-02 -2.994228494826356182e+05
1.747832447139013520e-02 -3.005626154199701850e+05
1.866505119054504350e-02 -3.007499595678453916e+05
1.993235315638688596e-02 -3.024927928253493155e+05
2.128570119069275735e-02 -3.029456865224385401e+05
2.273093756791477391e-02 -3.037126936945408233e+05
2.427430123572183254e-02 -3.050884111340387026e+05
2.592245474794206000e-02 -3.056929947164807236e+05
2.768251302617244156e-02 -3.076858754700221471e+05
2.956207407421723027e-02 -3.091604864783071680e+05
3.156925177794596415e-02 -3.108197215672614984e+05
3.371271093216530318e-02 -3.125731138744198252e+05
3.600170464571230550e-02 -3.149631038993255352e+05
3.844611428624303273e-02 -3.165767083541299799e+05
4.105649213715493323e-02 -3.178762208030004986e+05
4.384410695078817810e-02 -3.200055210651309462e+05
4.682099259455535512e-02 -3.209197878242753213e+05
4.999999999999999584e-02 -3.211696852764248033e+05
