2.000000000000000475e-03 -9.141483032357442379e+07
2.135794105561712904e-03 -1.016082077505902052e+08
2.280808230676081155e-03 -8.187009848966786265e+07
2.435668387497306586e-03 -8.389863343344186246e+07
2.601043092559874627e-03 -5.587260153985141218e+07
2.777646252700694072e-03 -6.337890029143837839e+07
2.966240246926864135e-03 -5.631057924954704940e+07
3.167639217533158025e-03 -4.896214971303366125e+07
3.382712584676717156e-03 -5.651457889951553941e+07
3.612388799580983252e-03 -4.502484222393448651e+07
3.857659352571107553e-03 -4.892579601370948553e+07
4.119583053243192419e-03 -4.371538287107257545e+07
4.399290601244371275e-03 -3.848127666928088665e+07
4.697989467395385921e-03 -3.769896835553622246e+07
5.016969106227038046e-03 -3.503539897999046743e+07
5.357606522432466212e-03 -2.933179521154806018e+07
5.721372215265124045e-03 -3.012507651119019091e+07
6.109836526543905265e-03 -2.823582629871775582e+07
6.524676419669067813e-03 -2.467807529501083866e+07
6.967682718913347471e-03 -2.549578365768022463e+07
7.440767840239667814e-03 -2.505436099436089769e+07
7.945974047018527706e-03 -2.169048118486437201e+07
8.485482266284259320e-03 -2.059494702320920676e+07
9.061621503589183113e-03 -1.995672885092643276e+07
9.676878897098520338e-03 -1.740839699145250395e+07
1.033391045432877943e-02 -1.633255852326923050e+07
1.103555251787899025e-02 -1.536086566461369954e+07
1.178483400965133279e-02 -1.446160394832286239e+07
1.258498950641826625e-02 -1.377051331070285290e+07
1.343947320318207746e-02 -1.294684489063742943e+07
1.435197382460543652e-02 -1.166509824094207212e+07
1.532643054888414846e-02 -1.088701514877452329e+07
1.636705001280387359e-02 -1.034629753523468599e+07
1.747832447139013520e-02 -9.457735441663844511e+06
1.866505119054504350e-02 -9.056962200058758259e+06
1.993235315638688596e-02 -8.416522319981802255e+06
2.128570119069275735e-02 -7.658518073536963202e+06
2.273093756791477391e-02 -7.314272540784988552e+06
2.427430123572183254e-02 -6.925998698402595706e+06
2.592245474794206000e-02 -6.428454623723414727e+06
2.768251302617244156e-02 -6.070043223874331452e+06
2.956207407421723027e-02 -5.782978323092174716e+06
3.156925177794596415e-02 -5.407776447379794903e+06
3.371271093216530318e-02 -5.054320443758752197e+06
3.600170464571230550e-02 -4.769216267703551799e+06
3.844611428624303273e-02 -4.535115282013257965e+06
4.105649213715493323e-02 -4.304827915076105855e+06
4.384410695078817810e-02 -4.046442708610681817e+06
4.682099259455535512e-02 -3.898053070113360882e+06
4.999999999999999584e-02 -3.657731482721838169e+06
