2.000000000000000475e-03 1.030031319088306278e+06
2.135794105561712904e-03 1.029974571576053277e+06
2.280808230676081155e-03 1.030334319824123522e+06
2.435668387497306586e-03 1.030950411285262904e+06
2.601043092559874627e-03 1.031816074577560881e+06
2.777646252700694072e-03 1.032508751168133342e+06
2.966240246926864135e-03 1.033196956158297719e+06
3.167639217533158025e-03 1.033903637288167374e+06
3.382712584676717156e-03 1.034532296674969839e+06
3.612388799580983252e-03 1.034076643038436654e+06
3.857659352571107553e-03 1.037353686199696152e+06
4.119583053243192419e-03 1.038996687494961312e+06
4.399290601244371275e-03 1.038549948503567022e+06
4.697989467395385921e-03 1.039604685015390394e+06
5.016969106227038046e-03 1.040042151013321243e+06
5.357606522432466212e-03 1.042456670406575198e+06
5.721372215265124045e-03 1.043394123667995213e+06
6.109836526543905265e-03 1.043432323710013647e+06
6.524676419669067813e-03 1.044231842564009828e+06
6.967682718913347471e-03 1.045899554037046502e+06
7.440767840239667814e-03 1.045973086110912729e+06
7.945974047018527706e-03 1.048463245714073069e+06
8.485482266284259320e-03 1.048175779192242422e+06
9.061621503589183113e-03 1.049217522366737947e+06
9.676878897098520338e-03 1.050491755080717616e+06
1.033391045432877943e-02 1.050347475899227662e+06
1.103555251787899025e-02 1.052725846844292013e+06
1.178483400965133279e-02 1.053692388862922089e+06
1.258498950641826625e-02 1.053418225535444915e+06
1.343947320318207746e-02 1.052843969837702811e+06
1.435197382460543652e-02 1.053761109357783105e+06
1.532643054888414846e-02 1.053563988291533664e+06
1.636705001280387359e-02 1.052830039760546526e+06
1.747832447139013520e-02 1.051859108120538294e+06
1.866505119054504350e-02 1.049971316704267403e+06
1.993235315638688596e-02 1.045495830727353808e+06
2.128570119069275735e-02 1.042950932573444792e+06
2.273093756791477391e-02 1.035921010871886276e+06
2.427430123572183254e-02 1.030005085211667931e+06
2.592245474794206000e-02 1.023485137477794779e+06
2.768251302617244156e-02 1.014475388041445287e+06
2.956207407421723027e-02 1.001534251806513872e+06
3.156925177794596415e-02 9.871174564372573514e+05
3.371271093216530318e-02 9.713530886339251883e+05
3.600170464571230550e-02 9.511720902264900506e+05
3.844611428624303273e-02 9.290623359722315799e+05
4.105649213715493323e-02 9.037550248654416064e+05
4.384410695078817810e-02 8.747735500388272339e+05
4.682099259455535512e-02 8.431505315982733155e+05
4.999999999999999584e-02 8.053913020748269046e+05
