2.000000000000000475e-03 7.852664585403843084e+05
2.135794105561712904e-03 7.851438000793275423e+05
2.280808230676081155e-03 7.840737613381983247e+05
2.435668387497306586e-03 7.856545158539855620e+05
2.601043092559874627e-03 7.852595033818478696e+05
2.777646252700694072e-03 7.848841041067154147e+05
2.966240246926864135e-03 7.874380529717263998e+05
3.167639217533158025e-03 7.853201572504298529e+05
3.382712584676717156e-03 7.853543798660752364e+05
3.612388799580983252e-03 7.869486313108081231e+05
3.857659352571107553e-03 7.863579328162578167e+05
4.119583053243192419e-03 7.864367279079963919e+05
4.399290601244371275e-03 7.873661911529336357e+05
4.697989467395385921e-03 7.877535528616408119e+05
5.016969106227038046e-03 7.866366320891656214e+05
5.357606522432466212e-03 7.883167731829321710e+05
5.721372215265124045e-03 7.886443798290179111e+05
6.109836526543905265e-03 7.887433549463349627e+05
6.524676419669067813e-03 7.885231818522240501e+05
6.967682718913347471e-03 7.900069787521819817e+05
7.440767840239667814e-03 7.895753060356625356e+05
7.945974047018527706e-03 7.913114616410055896e+05
8.485482266284259320e-03 7.900446690400236985e+05
9.061621503589183113e-03 7.924993215289422078e+05
9.676878897098520338e-03 7.921759494375636568e+05
1.033391045432877943e-02 7.927490799482858274e+05
1.103555251787899025e-02 7.943517222902649082e+05
1.178483400965133279e-02 7.943123356267909985e+05
1.258498950641826625e-02 7.944020774317678297e+05
1.343947320318207746e-02 7.965571416562573286e+05
1.435197382460543652e-02 7.956865366727180080e+05
1.532643054888414846e-02 7.977247082976232050e+05
1.636705001280387359e-02 7.996450065171443857e+05
1.747832447139013520e-02 7.998591703246996040e+05
1.866505119054504350e-02 8.017426089467206039e+05
1.993235315638688596e-02 8.032269574354757788e+05
2.128570119069275735e-02 8.032421685857492266e+05
2.273093756791477391e-02 8.036503352656870848e+05
2.427430123572183254e-02 8.044194050820642151e+05
2.592245474794206000e-02 8.073260847208802588e+05
2.768251302617244156e-02 8.074207492134438362e+05
2.956207407421723027e-02 8.105496909170070430e+05
3.156925177794596415e-02 8.116508445086396532e+05
3.371271093216530318e-02 8.140749975505369948e+05
3.600170464571230550e-02 8.118803806850814726e+05
3.844611428624303273e-02 8.146585058232038282e+05
4.105649213715493323e-02 8.146091216745293932e+05
4.384410695078817810e-02 8.131907285490351496e+05
4.682099259455535512e-02 8.155281039937268943e+05
4.999999999999999584e-02 8.138775380412458908e+05
