2.000000000000000475e-03 5.014721663624445209e+05
2.135794105561712904e-03 5.016029806490025949e+05
2.280808230676081155e-03 5.016107236424406292e+05
2.435668387497306586e-03 5.019516270909855375e+05
2.601043092559874627e-03 5.024747544556481298e+05
2.777646252700694072e-03 5.022671550616066670e+05
2.966240246926864135e-03 5.026815017833074671e+05
3.167639217533158025e-03 5.032681060097164591e+05
3.382712584676717156e-03 5.032488559657366714e+05
3.612388799580983252e-03 5.039759753797376761e+05
3.857659352571107553e-03 5.044879575410256512e+05
4.119583053243192419e-03 5.049109055430617882e+05
4.399290601244371275e-03 5.054030406944465358e+05
4.697989467395385921e-03 5.057712070321268984e+05
5.016969106227038046e-03 5.063714212974287220e+05
5.357606522432466212e-03 5.067006823603675584e+05
5.721372215265124045e-03 5.076699621634050854e+05
6.109836526543905265e-03 5.080001250725642894e+05
6.524676419669067813e-03 5.084593642809370067e+05
6.967682718913347471e-03 5.097392016399354325e+05
7.440767840239667814e-03 5.103126636641525547e+05
7.945974047018527706e-03 5.112974944943919545e+05
8.485482266284259320e-03 5.123586662268496584e+05
9.061621503589183113e-03 5.133684218827854493e+05
9.676878897098520338e-03 5.147201243626869982e+05
1.033391045432877943e-02 5.159144249103850452e+05
1.103555251787899025e-02 5.170010633486388833e+05
1.178483400965133279e-02 5.180178771662861691e+05
1.258498950641826625e-02 5.198901298679946922e+05
1.343947320318207746e-02 5.215465108423926868e+05
1.435197382460543652e-02 5.233848212839725311e+05
1.532643054888414846e-02 5.249819211731597316e+05
1.636705001280387359e-02 5.272624048665622249e+05
1.747832447139013520e-02 5.293182918301681057e+05
1.866505119054504350e-02 5.323066198966983939e+05
1.993235315638688596e-02 5.345463600103334757e+05
2.128570119069275735e-02 5.373260923960148357e+05
2.273093756791477391e-02 5.399315352993954439e+05
2.427430123572183254e-02 5.431386410448378883e+05
2.592245474794206000e-02 5.473767036617791746e+05
2.768251302617244156e-02 5.517008688039400149e+05
2.956207407421723027e-02 5.561446463524991414e+05
3.156925177794596415e-02 5.603772655552978395e+05
3.371271093216530318e-02 5.656756421640759800e+05
3.600170464571230550e-02 5.716607619010827038e+05
3.844611428624303273e-02 5.779024934550179169e+05
4.105649213715493323e-02 5.854919127362190047e+05
4.384410695078817810e-02 5.926743014698523330e+05
4.682099259455535512e-02 6.012190008343755035e+05
4.999999999999999584e-02 6.127553786933623487e+05
